00000000000000000000000000000000
00000000000000000000000000000000
00000033300000000000000333000000
00000003330000000000003330000000
00000000333300000000333300000000
00000000333300000000333300000000
00000000333300000000333300000000
00000000333300000000333300000000
00000000333300000000333300000000
00000000333300000000333300000000
00000000333300000000333300000000
00000000333300000000333300000000
00000000333300000000333300000000
00000000333300000000333300000000
00000000333300000000333300000000
00000000333300000000333300000000
00000000333300000000333300000000
00000000333300000000333300000000
00000033300000000000000333000000
00003330000000000000000003330000
00333000000000000000000000033300
33300000000000000000000000000333