00000000000000000000000000000000
00000000000000000000000000000000
00000000000000000000000000000000
00000000000000000000000000000000
00000000000000000000000000000000
00000000000000000000000000000000
00000000000000000000000000000000
00000000000000000000000000000000
00000000000000000000000000000000
11111111111112222211111111111111
11111111111112222211111111111111
11111111111112222211111111111111
00000000333330000003333300000000
00000033300000000000000333000000
00003330000000000000000003330000
00333000000000000000000000033300
33300000000000000000000000000333
00000000000000000000000000000000
00000000000000000000000000000000
00000000000000000000000000000000
44444444444444444444444444444444
44444444444444444444444444444444