0000000000000000000000
0000000000000000000000
0000033300000033300000
0000002000000002000000
0000000000000000000000
0000000000000000000000
0000333333333333330000
0033000000000000003300
3300000000000000000033
0000000000000000000000
0000000000000000000000
0000000000000000000000
0000000000000000000000
0000000000000000000000
0000000000000000000000
0000000000000000000000
0000000000000000000000
0000000000000000000000
0000000000000000000000
0000000000000000000000
0000000000000000000000
0000000000000000000000