000000000000000000000000000000000000000000000000000000000000000000000000000000000000000000000000000
000000000000000000000000000000000000000000000000000000000000000000000000000000000000000000000000000
000000000000000000000000000000000111111111111111111111111111111111111111111110000000000000000000000
000000000000000000000000011111111111111110000000000000000000000000000000000111110000000000000000000
000000000000000000011111111111000000000011111000000000000000110000000000000000111000000000000000000
000000000000000001111000000000000000000000000000000000000000000001100000000000001110000000000000000
000000000000001111000010011111100000000000011100000000000000110000001000000000000111000000000000000
000000000000111100000000000000000000000000000000000000000000000001100001000000000011100000000000000
000000000001110000000000001111100000000000000000000100000000001110001000010000000001110000000000000
000000000011000000000001000000000000000000000000010000000000000000110001000010000000111000000000000
000000000011000000000100000000000010000000000000000000000000000000000100100001000000011000000000000
000000000011000000001000000000000000000000000000000000000000000000000001001000000000001100000000000
000000000110000000000000000000000000000000000000000001111111111111100000000000000000001110000000000
000000001110000000000001111111100000000000000000001111100011111111111100000000000000000111000000000
0000111100000000000111111111111110000000000000111100000011111111001110000000000000000001110000000
0001110001111101110111111111111111000000000001110000011111111111111111000010000111111110111100000
0011000100000000000000000011111111111110000000111111111000000000001100010000000000000000001110000
0110010001100000000000000000000011110000000000011111000000111000000000000001111111111000000011000
0110100100011111100000000000000001100000000000000000000000001111000000011111100000011110000101100
0111000001111111111000010000000001100000000000000000000000000011111111111000001100000111000100111
0111000001000000011111111000000001100000000000000000000000000000000000000000001100000011000100111
0111001000000011001111000000001111000000000000000000000000000000000000000001111100000001100100011
0110000100000011000000000001111000000000000000011111111000000000000000011111000111111001100100011
0111100011001111000000000011111000000000000000000001100000000000000111111000001110111011100100111
0011011000001111000000011001111100000000011111110001100000000001111111000000001100000011000000111
0011100001001101110001000000001110000000000000010111000000111111110110000000111100000110001001110
0001110000011111111100000000000011111100000000000000011111111000000110000111111000000000110011000
0000111000011011011111100000000000111000000000001111111100000000001110111111110000000100000111000
0000011000011110011001111111100000000111111111111110011000000000011111110011100000000001111100000
0000011000011110011000011111111111111111111000000000011000000111111110000111000000000000111000000
0000011000011110011000111000000011000000011000000000011101111111110110001110000000000011100000000
0000011000011111111000110000000011000000011000000000111111111110000110011100000000000111000000000
0000011000011111111111111111111111111111111111111111111111110000000111111000000000000110000000000
0000011000011111111111111111111111111111111111111111110110000000000011100000000000001110000000000
0000011000001111111111111111111111111111111111110000000110000000001110000000000000011100000000000
0000011000001101111111111111111111111111110110000000000111000001111000000000000000111000000000000
0000011000000110110011000110000011100000000110000000000011000111100000000000000011100000000000000
0000011000000111111011100011000001100000000110000000000001111110000000000000000111000000000000000
0000011000000011110001110011100001100000000110000000001111110000000100000100011100000000000000000
0000011000000000111111111001100001110000000110011111111100000000100000110001111000000000000000000
00000110000000000000011111111111111111111111111111110000000001100001100001111000000000000000
0000111000000001000000000000000000000000000000000000000000100000110000111110000000000000000
0000110000000000100000000000000000000000000000000000011000000100000111110000000000000000000
0000110000000000001000000000000000000000000000000110000001100000111110000000000000000000000
00110000011000000001110000000000011111111110000001100000001111110000000000000000000
011000000000100000000000000000000000001110000000000001111100000000000000
01110000000000111111111111111000000000000000000000111110000000000
01110000000000000000000000000000000000000000001111100000000
0011100000000000000000000000000000000000110111110000000
00011110000000000000000000000000000111111111100000000
000011111000000000000000000011111111100000000000000