0000000000000000000000
0000033300000033300000
0000000000000000000000
0000000000000000000000
3300000000000000000033
0033000000000000003300
0000333333333333330000
0000000000000000000000
0000000000000000000000
0000000000000000000000
0000000000000000000000
0000000000000000000000
0000000000000000000000
0000000000000000000000
0000000000000000000000
0000000000000000000000
0000000000000000000000
0000000000000000000000
0000000000000000000000
0000000000000000000000
0000000000000000000000
0000000000000000000000